<?xml version="1.0"?>
<opencv_storage>
<CornersAmount>48</CornersAmount>
<Corner_0>
  243 356</Corner_0>
<Corner_1>
  257 356</Corner_1>
<Corner_2>
  272 356</Corner_2>
<Corner_3>
  287 357</Corner_3>
<Corner_4>
  302 357</Corner_4>
<Corner_5>
  317 357</Corner_5>
<Corner_6>
  332 357</Corner_6>
<Corner_7>
  348 357</Corner_7>
<Corner_8>
  348 366</Corner_8>
<Corner_9>
  332 366</Corner_9>
<Corner_10>
  318 366</Corner_10>
<Corner_11>
  302 365</Corner_11>
<Corner_12>
  286 365</Corner_12>
<Corner_13>
  271 365</Corner_13>
<Corner_14>
  255 365</Corner_14>
<Corner_15>
  241 363</Corner_15>
<Corner_16>
  238 372</Corner_16>
<Corner_17>
  253 373</Corner_17>
<Corner_18>
  269 373</Corner_18>
<Corner_19>
  285 374</Corner_19>
<Corner_20>
  301 373</Corner_20>
<Corner_21>
  317 374</Corner_21>
<Corner_22>
  334 374</Corner_22>
<Corner_23>
  349 374</Corner_23>
<Corner_24>
  350 384</Corner_24>
<Corner_25>
  334 383</Corner_25>
<Corner_26>
  318 383</Corner_26>
<Corner_27>
  301 383</Corner_27>
<Corner_28>
  285 383</Corner_28>
<Corner_29>
  268 382</Corner_29>
<Corner_30>
  252 381</Corner_30>
<Corner_31>
  236 381</Corner_31>
<Corner_32>
  234 390</Corner_32>
<Corner_33>
  250 391</Corner_33>
<Corner_34>
  267 391</Corner_34>
<Corner_35>
  284 392</Corner_35>
<Corner_36>
  301 392</Corner_36>
<Corner_37>
  318 392</Corner_37>
<Corner_38>
  334 392</Corner_38>
<Corner_39>
  351 392</Corner_39>
<Corner_40>
  352 403</Corner_40>
<Corner_41>
  335 402</Corner_41>
<Corner_42>
  318 402</Corner_42>
<Corner_43>
  300 402</Corner_43>
<Corner_44>
  283 402</Corner_44>
<Corner_45>
  265 401</Corner_45>
<Corner_46>
  249 400</Corner_46>
<Corner_47>
  231 400</Corner_47>
</opencv_storage>
