<?xml version="1.0"?>
<opencv_storage>
<CornersAmount>48</CornersAmount>
<Corner_0>
  242 356</Corner_0>
<Corner_1>
  257 356</Corner_1>
<Corner_2>
  272 356</Corner_2>
<Corner_3>
  287 356</Corner_3>
<Corner_4>
  303 356</Corner_4>
<Corner_5>
  317 357</Corner_5>
<Corner_6>
  333 357</Corner_6>
<Corner_7>
  347 357</Corner_7>
<Corner_8>
  240 364</Corner_8>
<Corner_9>
  255 364</Corner_9>
<Corner_10>
  270 365</Corner_10>
<Corner_11>
  286 366</Corner_11>
<Corner_12>
  302 366</Corner_12>
<Corner_13>
  317 366</Corner_13>
<Corner_14>
  333 365</Corner_14>
<Corner_15>
  348 366</Corner_15>
<Corner_16>
  238 372</Corner_16>
<Corner_17>
  254 372</Corner_17>
<Corner_18>
  269 373</Corner_18>
<Corner_19>
  285 373</Corner_19>
<Corner_20>
  301 373</Corner_20>
<Corner_21>
  317 374</Corner_21>
<Corner_22>
  334 375</Corner_22>
<Corner_23>
  349 374</Corner_23>
<Corner_24>
  236 380</Corner_24>
<Corner_25>
  252 381</Corner_25>
<Corner_26>
  268 381</Corner_26>
<Corner_27>
  285 382</Corner_27>
<Corner_28>
  301 382</Corner_28>
<Corner_29>
  318 383</Corner_29>
<Corner_30>
  334 383</Corner_30>
<Corner_31>
  350 383</Corner_31>
<Corner_32>
  234 390</Corner_32>
<Corner_33>
  250 391</Corner_33>
<Corner_34>
  267 391</Corner_34>
<Corner_35>
  283 392</Corner_35>
<Corner_36>
  301 392</Corner_36>
<Corner_37>
  318 392</Corner_37>
<Corner_38>
  335 392</Corner_38>
<Corner_39>
  351 392</Corner_39>
<Corner_40>
  231 399</Corner_40>
<Corner_41>
  248 401</Corner_41>
<Corner_42>
  266 401</Corner_42>
<Corner_43>
  283 402</Corner_43>
<Corner_44>
  300 402</Corner_44>
<Corner_45>
  318 404</Corner_45>
<Corner_46>
  335 404</Corner_46>
<Corner_47>
  352 403</Corner_47>
</opencv_storage>
