<?xml version="1.0"?>
<opencv_storage>
<CameraMatrix type_id="opencv-matrix">
  <rows>3</rows>
  <cols>3</cols>
  <dt>f</dt>
  <data>
    4.87733337e+02 0. 3.26755188e+02 0. 4.89897278e+02 2.24895004e+02 0.
    0. 1.</data></CameraMatrix>
<DistortionCoeffs type_id="opencv-matrix">
  <rows>5</rows>
  <cols>1</cols>
  <dt>f</dt>
  <data>
    -3.56971025e-01 1.57947540e-01 6.35103614e-04 2.66711490e-04
    -2.48028450e-02</data></DistortionCoeffs>
<RotationValues type_id="opencv-matrix">
  <rows>3</rows>
  <cols>1</cols>
  <dt>f</dt>
  <data>
    1.41500032e+00 1.40784407e+00 -1.02462530e+00</data></RotationValues>
<TranslationValues type_id="opencv-matrix">
  <rows>3</rows>
  <cols>1</cols>
  <dt>f</dt>
  <data>
    -6.47485596e+02 9.91503662e+02 3.59177222e+03</data></TranslationValues>
</opencv_storage>
