<?xml version="1.0"?>
<opencv_storage>
<CameraMatrix type_id="opencv-matrix">
  <rows>3</rows>
  <cols>3</cols>
  <dt>f</dt>
  <data>
    4.87733337e+02 0. 3.26755188e+02 0. 4.89897278e+02 2.24895004e+02 0.
    0. 1.</data></CameraMatrix>
<DistortionCoeffs type_id="opencv-matrix">
  <rows>5</rows>
  <cols>1</cols>
  <dt>f</dt>
  <data>
    -3.56971025e-01 1.57947540e-01 6.35103614e-04 2.66711490e-04
    -2.48028450e-02</data></DistortionCoeffs>
<RotationValues type_id="opencv-matrix">
  <rows>3</rows>
  <cols>1</cols>
  <dt>f</dt>
  <data>
    -1.42258036e+00 -1.12933528e+00 1.50788939e+00</data></RotationValues>
<TranslationValues type_id="opencv-matrix">
  <rows>3</rows>
  <cols>1</cols>
  <dt>f</dt>
  <data>
    -4.15014923e+02 1.78423071e+03 6.39227246e+03</data></TranslationValues>
</opencv_storage>
