<?xml version="1.0"?>
<opencv_storage>
<CameraMatrix type_id="opencv-matrix">
  <rows>3</rows>
  <cols>3</cols>
  <dt>f</dt>
  <data>
    4.87733337e+02 0. 3.26755188e+02 0. 4.89897278e+02 2.24895004e+02 0.
    0. 1.</data></CameraMatrix>
<DistortionCoeffs type_id="opencv-matrix">
  <rows>5</rows>
  <cols>1</cols>
  <dt>f</dt>
  <data>
    -3.56971025e-01 1.57947540e-01 6.35103614e-04 2.66711490e-04
    -2.48028450e-02</data></DistortionCoeffs>
<RotationValues type_id="opencv-matrix">
  <rows>3</rows>
  <cols>1</cols>
  <dt>f</dt>
  <data>
    1.17414272e+00 1.22192860e+00 -1.24547160e+00</data></RotationValues>
<TranslationValues type_id="opencv-matrix">
  <rows>3</rows>
  <cols>1</cols>
  <dt>f</dt>
  <data>
    -2.32812119e+02 1.48613782e+03 3.58806152e+03</data></TranslationValues>
</opencv_storage>
