<?xml version="1.0"?>
<opencv_storage>
<CameraMatrix type_id="opencv-matrix">
  <rows>3</rows>
  <cols>3</cols>
  <dt>f</dt>
  <data>
    487.7333312474915 0 326.7551754306119
    0 489.8972883707382 224.895010705125
    0 0 1
  </data>
</CameraMatrix>
<DistortionCoeffs type_id="opencv-matrix">
  <rows>5</rows>
  <cols>1</cols>
  <dt>f</dt>
  <data>
    -0.3569710124675531 
    0.1579475454447826 
    0.0006351036241008595  
    0.0002667114870900843  
    -0.02480284530997287
  </data>
</DistortionCoeffs>
</opencv_storage>
