<?xml version="1.0"?>
<opencv_storage>
<CornersAmount>48</CornersAmount>
<Corner_0>
  230 350</Corner_0>
<Corner_1>
  241 346</Corner_1>
<Corner_2>
  251 344</Corner_2>
<Corner_3>
  261 341</Corner_3>
<Corner_4>
  270 339</Corner_4>
<Corner_5>
  280 336</Corner_5>
<Corner_6>
  289 333</Corner_6>
<Corner_7>
  297 331</Corner_7>
<Corner_8>
  240 353</Corner_8>
<Corner_9>
  251 350</Corner_9>
<Corner_10>
  259 347</Corner_10>
<Corner_11>
  269 344</Corner_11>
<Corner_12>
  279 341</Corner_12>
<Corner_13>
  288 339</Corner_13>
<Corner_14>
  297 336</Corner_14>
<Corner_15>
  306 334</Corner_15>
<Corner_16>
  250 356</Corner_16>
<Corner_17>
  258 353</Corner_17>
<Corner_18>
  269 349</Corner_18>
<Corner_19>
  279 347</Corner_19>
<Corner_20>
  289 344</Corner_20>
<Corner_21>
  297 341</Corner_21>
<Corner_22>
  308 338</Corner_22>
<Corner_23>
  315 336</Corner_23>
<Corner_24>
  257 360</Corner_24>
<Corner_25>
  268 357</Corner_25>
<Corner_26>
  278 352</Corner_26>
<Corner_27>
  288 349</Corner_27>
<Corner_28>
  296 347</Corner_28>
<Corner_29>
  306 344</Corner_29>
<Corner_30>
  315 340</Corner_30>
<Corner_31>
  325 338</Corner_31>
<Corner_32>
  266 363</Corner_32>
<Corner_33>
  277 359</Corner_33>
<Corner_34>
  287 356</Corner_34>
<Corner_35>
  297 353</Corner_35>
<Corner_36>
  307 349</Corner_36>
<Corner_37>
  316 347</Corner_37>
<Corner_38>
  325 343</Corner_38>
<Corner_39>
  333 341</Corner_39>
<Corner_40>
  276 366</Corner_40>
<Corner_41>
  288 363</Corner_41>
<Corner_42>
  297 360</Corner_42>
<Corner_43>
  307 356</Corner_43>
<Corner_44>
  317 352</Corner_44>
<Corner_45>
  326 349</Corner_45>
<Corner_46>
  335 346</Corner_46>
<Corner_47>
  343 343</Corner_47>
</opencv_storage>
