<?xml version="1.0"?>
<opencv_storage>
<CornersAmount>48</CornersAmount>
<Corner_0>
  232 350</Corner_0>
<Corner_1>
  243 347</Corner_1>
<Corner_2>
  253 344</Corner_2>
<Corner_3>
  262 341</Corner_3>
<Corner_4>
  271 339</Corner_4>
<Corner_5>
  280 336</Corner_5>
<Corner_6>
  289 334</Corner_6>
<Corner_7>
  298 331</Corner_7>
<Corner_8>
  306 334</Corner_8>
<Corner_9>
  298 336</Corner_9>
<Corner_10>
  289 338</Corner_10>
<Corner_11>
  280 341</Corner_11>
<Corner_12>
  270 345</Corner_12>
<Corner_13>
  261 347</Corner_13>
<Corner_14>
  251 350</Corner_14>
<Corner_15>
  240 353</Corner_15>
<Corner_16>
  249 356</Corner_16>
<Corner_17>
  259 353</Corner_17>
<Corner_18>
  269 350</Corner_18>
<Corner_19>
  279 347</Corner_19>
<Corner_20>
  289 344</Corner_20>
<Corner_21>
  298 341</Corner_21>
<Corner_22>
  307 339</Corner_22>
<Corner_23>
  316 336</Corner_23>
<Corner_24>
  324 338</Corner_24>
<Corner_25>
  316 341</Corner_25>
<Corner_26>
  307 344</Corner_26>
<Corner_27>
  298 346</Corner_27>
<Corner_28>
  288 350</Corner_28>
<Corner_29>
  279 353</Corner_29>
<Corner_30>
  269 356</Corner_30>
<Corner_31>
  258 359</Corner_31>
<Corner_32>
  268 364</Corner_32>
<Corner_33>
  278 360</Corner_33>
<Corner_34>
  288 356</Corner_34>
<Corner_35>
  298 353</Corner_35>
<Corner_36>
  308 350</Corner_36>
<Corner_37>
  317 346</Corner_37>
<Corner_38>
  325 344</Corner_38>
<Corner_39>
  334 341</Corner_39>
<Corner_40>
  344 344</Corner_40>
<Corner_41>
  335 346</Corner_41>
<Corner_42>
  327 349</Corner_42>
<Corner_43>
  317 353</Corner_43>
<Corner_44>
  308 356</Corner_44>
<Corner_45>
  298 359</Corner_45>
<Corner_46>
  288 364</Corner_46>
<Corner_47>
  278 367</Corner_47>
</opencv_storage>
