<?xml version="1.0"?>
<opencv_storage>
<CameraMatrix type_id="opencv-matrix">
  <rows>3</rows>
  <cols>3</cols>
  <dt>f</dt>
  <data>
    489.4901791930071. 0. 345.2142742154097
    0. 491.8176854726515 241.6226629471839
    0. 0. 1.
  </data>
</CameraMatrix>
<DistortionCoeffs type_id="opencv-matrix">
  <rows>5</rows>
  <cols>1</cols>
  <dt>f</dt>
  <data>
    -0.3783185380298554
    0.2231448911122528
    -0.0003899296457025443
    -0.0008646837564135684
    -0.08632173626541829
  </data>
</DistortionCoeffs>
</opencv_storage>
