<?xml version="1.0"?>
<opencv_storage>
<CornersAmount>48</CornersAmount>
<Corner_0>
  399 410</Corner_0>
<Corner_1>
  397 398</Corner_1>
<Corner_2>
  396 388</Corner_2>
<Corner_3>
  396 378</Corner_3>
<Corner_4>
  395 368</Corner_4>
<Corner_5>
  394 359</Corner_5>
<Corner_6>
  393 350</Corner_6>
<Corner_7>
  392 343</Corner_7>
<Corner_8>
  417 410</Corner_8>
<Corner_9>
  415 399</Corner_9>
<Corner_10>
  414 388</Corner_10>
<Corner_11>
  412 378</Corner_11>
<Corner_12>
  411 368</Corner_12>
<Corner_13>
  410 359</Corner_13>
<Corner_14>
  409 350</Corner_14>
<Corner_15>
  408 342</Corner_15>
<Corner_16>
  435 410</Corner_16>
<Corner_17>
  433 399</Corner_17>
<Corner_18>
  431 387</Corner_18>
<Corner_19>
  429 378</Corner_19>
<Corner_20>
  427 367</Corner_20>
<Corner_21>
  425 358</Corner_21>
<Corner_22>
  424 350</Corner_22>
<Corner_23>
  422 342</Corner_23>
<Corner_24>
  453 409</Corner_24>
<Corner_25>
  450 398</Corner_25>
<Corner_26>
  448 387</Corner_26>
<Corner_27>
  446 377</Corner_27>
<Corner_28>
  443 367</Corner_28>
<Corner_29>
  441 358</Corner_29>
<Corner_30>
  439 350</Corner_30>
<Corner_31>
  437 342</Corner_31>
<Corner_32>
  470 408</Corner_32>
<Corner_33>
  467 397</Corner_33>
<Corner_34>
  465 387</Corner_34>
<Corner_35>
  462 377</Corner_35>
<Corner_36>
  459 367</Corner_36>
<Corner_37>
  456 358</Corner_37>
<Corner_38>
  454 349</Corner_38>
<Corner_39>
  452 342</Corner_39>
<Corner_40>
  488 408</Corner_40>
<Corner_41>
  484 396</Corner_41>
<Corner_42>
  481 386</Corner_42>
<Corner_43>
  478 376</Corner_43>
<Corner_44>
  474 367</Corner_44>
<Corner_45>
  471 358</Corner_45>
<Corner_46>
  469 349</Corner_46>
<Corner_47>
  466 342</Corner_47>
</opencv_storage>
