<?xml version="1.0"?>
<opencv_storage>
<CornersAmount>48</CornersAmount>
<Corner_0>
  192 457</Corner_0>
<Corner_1>
  192 448</Corner_1>
<Corner_2>
  192 439</Corner_2>
<Corner_3>
  192 431</Corner_3>
<Corner_4>
  192 424</Corner_4>
<Corner_5>
  193 417</Corner_5>
<Corner_6>
  193 410</Corner_6>
<Corner_7>
  193 404</Corner_7>
<Corner_8>
  209 403</Corner_8>
<Corner_9>
  210 409</Corner_9>
<Corner_10>
  210 416</Corner_10>
<Corner_11>
  210 423</Corner_11>
<Corner_12>
  211 430</Corner_12>
<Corner_13>
  211 438</Corner_13>
<Corner_14>
  212 447</Corner_14>
<Corner_15>
  213 457</Corner_15>
<Corner_16>
  233 455</Corner_16>
<Corner_17>
  232 445</Corner_17>
<Corner_18>
  230 437</Corner_18>
<Corner_19>
  229 429</Corner_19>
<Corner_20>
  228 422</Corner_20>
<Corner_21>
  227 416</Corner_21>
<Corner_22>
  226 409</Corner_22>
<Corner_23>
  225 403</Corner_23>
<Corner_24>
  241 401</Corner_24>
<Corner_25>
  243 408</Corner_25>
<Corner_26>
  244 414</Corner_26>
<Corner_27>
  246 421</Corner_27>
<Corner_28>
  247 428</Corner_28>
<Corner_29>
  249 436</Corner_29>
<Corner_30>
  251 444</Corner_30>
<Corner_31>
  253 453</Corner_31>
<Corner_32>
  274 452</Corner_32>
<Corner_33>
  271 442</Corner_33>
<Corner_34>
  267 434</Corner_34>
<Corner_35>
  265 427</Corner_35>
<Corner_36>
  263 420</Corner_36>
<Corner_37>
  261 413</Corner_37>
<Corner_38>
  259 406</Corner_38>
<Corner_39>
  257 401</Corner_39>
<Corner_40>
  273 399</Corner_40>
<Corner_41>
  275 406</Corner_41>
<Corner_42>
  278 412</Corner_42>
<Corner_43>
  280 418</Corner_43>
<Corner_44>
  283 425</Corner_44>
<Corner_45>
  287 432</Corner_45>
<Corner_46>
  290 441</Corner_46>
<Corner_47>
  293 449</Corner_47>
</opencv_storage>
