<?xml version="1.0"?>
<opencv_storage>
<CameraMatrix type_id="opencv-matrix">
  <rows>3</rows>
  <cols>3</cols>
  <dt>f</dt>
  <data>
    491.1417589387335 0. 321.5244047644838
    0. 489.5938383229033 233.3518309201141
    0. 0. 1.
  </data>
</CameraMatrix>
<DistortionCoeffs type_id="opencv-matrix">
  <rows>5</rows>
  <cols>1</cols>
  <dt>f</dt>
  <data>
    -0.3594135295319112 0.1657871829289096 0.001047620901300767 -0.0000599408875576 -0.04053132254217266
  </data>
</DistortionCoeffs>
</opencv_storage>
