<?xml version="1.0"?>
<opencv_storage>
<CornersAmount>48</CornersAmount>
<Corner_0>
  357 302</Corner_0>
<Corner_1>
  365 305</Corner_1>
<Corner_2>
  376 307</Corner_2>
<Corner_3>
  384 310</Corner_3>
<Corner_4>
  397 313</Corner_4>
<Corner_5>
  404 315</Corner_5>
<Corner_6>
  418 318</Corner_6>
<Corner_7>
  428 321</Corner_7>
<Corner_8>
  352 305</Corner_8>
<Corner_9>
  359 308</Corner_9>
<Corner_10>
  366 310</Corner_10>
<Corner_11>
  379 314</Corner_11>
<Corner_12>
  386 316</Corner_12>
<Corner_13>
  398 319</Corner_13>
<Corner_14>
  407 322</Corner_14>
<Corner_15>
  420 325</Corner_15>
<Corner_16>
  341 308</Corner_16>
<Corner_17>
  348 310</Corner_17>
<Corner_18>
  361 314</Corner_18>
<Corner_19>
  367 316</Corner_19>
<Corner_20>
  380 320</Corner_20>
<Corner_21>
  388 322</Corner_21>
<Corner_22>
  402 326</Corner_22>
<Corner_23>
  412 328</Corner_23>
<Corner_24>
  333 311</Corner_24>
<Corner_25>
  342 314</Corner_25>
<Corner_26>
  349 316</Corner_26>
<Corner_27>
  362 320</Corner_27>
<Corner_28>
  370 322</Corner_28>
<Corner_29>
  383 326</Corner_29>
<Corner_30>
  392 330</Corner_30>
<Corner_31>
  406 333</Corner_31>
<Corner_32>
  323 314</Corner_32>
<Corner_33>
  331 318</Corner_33>
<Corner_34>
  342 320</Corner_34>
<Corner_35>
  350 324</Corner_35>
<Corner_36>
  362 326</Corner_36>
<Corner_37>
  371 330</Corner_37>
<Corner_38>
  384 334</Corner_38>
<Corner_39>
  394 336</Corner_39>
<Corner_40>
  314 318</Corner_40>
<Corner_41>
  323 321</Corner_41>
<Corner_42>
  330 324</Corner_42>
<Corner_43>
  342 327</Corner_43>
<Corner_44>
  351 330</Corner_44>
<Corner_45>
  363 334</Corner_45>
<Corner_46>
  373 337</Corner_46>
<Corner_47>
  386 341</Corner_47>
</opencv_storage>
