<?xml version="1.0"?>
<opencv_storage>
<CameraMatrix type_id="opencv-matrix">
  <rows>3</rows>
  <cols>3</cols>
  <dt>f</dt>
  <data>
    486.2319951916665 0 333.3527770581574 
    0 488.0063089823034 217.9659118178265 
    0 0 1
  </data>
</CameraMatrix>
<DistortionCoeffs type_id="opencv-matrix">
  <rows>5</rows>
  <cols>1</cols>
  <dt>f</dt>
  <data>
    -0.3622617490375004 
    0.173611620237668 
    0.0009583492782273527  
    0.0003907732919734161  
    -0.04309973706618872
  </data>
</DistortionCoeffs>
</opencv_storage>
